Subdiv	sales_count	median_dom_slope	median_dom_r2	median_dom_min	median_dom_max	median_sold_price_slope	median_sold_price_r2	median_sold_price_min	median_sold_price_max	median_sp_olp_slope	median_sp_olp_r2	median_sp_olp_min	median_sp_olp_max	dom_slope_rank	median_price_rank	sp_olp_rank	average_rank
Red Lion Chase	24	-60.0	0.9954834546962855	92.0	212.0	35000.0	0.9560353798126952	450000.0	520000.0	0.04653091999999998	0.9269143966300072	0.846153846	0.9392156859999999	4.0	4.0	10.0	6.0
Sherwood Park Ii	29	-51.0	0.6915101028004256	8.0	118.0	16000.0	0.9805799210939594	205000.0	237000.0	0.04052501450000001	0.7795857285976039	0.905188503	0.986238532	8.0	12.0	13.0	11.0
Devon	52	-47.75	0.8797767820538174	15.0	149.0	13240.0	0.33271888001457683	119000.0	185600.0	0.023604736199999976	0.8749698231765316	0.8647305120000001	0.938461538	10.0	14.5	36.0	20.166666666666668
Penn Acres South	18	-48.50000000000001	0.5338338754822604	49.0	176.0	3550.0	0.1782973154599795	180250.0	197000.0	0.06428754649999997	0.7632887504463626	0.833333333	0.9619084259999999	9.0	51.0	3.0	21.0
Brookmeade	23	-27.500000000000004	0.9911533420707734	28.0	109.0	7500.000000000001	0.25	240000.0	285000.0	0.032458827571428574	0.9097762803693609	0.877577885	0.969052829	40.5	29.0	22.0	30.5
Surrey Park	27	-29.05	0.9820384889522452	12.0	99.5	22030.0	0.3140298590517651	352450.0	473500.0	0.01839345069999999	0.9673125361697046	0.920974805	0.97799511	37.0	8.0	47.0	30.666666666666668
Wilmington - Brown-Burton Winchester Park Area (6.02)	84	-29.2	0.5461789763628211	30.5	142.5	2005.0	0.7229773171773487	10000.0	17250.0	0.14141101520000002	0.8405048718796684	0.451005025	0.9068181820000001	35.0	60.0	1.0	32.0
Dove Run	17	-47.39285714285715	0.9331877409904805	19.5	169.0	-210.71428571428575	0.23770827642720566	315000.0	316300.0	0.03902461307142858	0.9981186974041196	0.883904335	1.0	11.0	78.0	16.0	35.0
Westover Hills	53	-46.25	0.5717679449098036	15.5	175.5	99650.0	0.8986505701903726	574500.0	840000.0	0.01084525460000001	0.20134322079710484	0.906335283	0.979941408	12.0	1.0	101.0	38.0
Colonial Heights	38	-29.95	0.4625303744190993	26.0	155.0	2350.0	0.2439536167863059	131000.0	145000.0	0.028831973800000032	0.5526091063270016	0.837918959	0.9571005920000001	32.0	57.0	28.0	39.0
Chapman Woods	22	-45.5	0.7664753794890782	45.0	136.0	1500.0	0.19672131147540983	173250.0	180000.0	0.02045226750000001	0.8264104177037094	0.9003051879999999	0.9412097229999999	13.0	64.0	40.0	39.0
Wynnwood	20	-24.75	0.07961992136304062	49.5	220.0	22500.0	0.08923849814912746	153000.0	300000.0	0.01615576000000002	0.16033757923412795	0.8860759490000001	0.966267491	51.0	7.0	61.0	39.666666666666664
Wood Creek	19	-27.500000000000004	0.9960487323016138	8.5	90.0	-553.5714285714288	0.0019881497173972426	309000.0	344250.0	0.031986789714285736	0.992142927530541	0.90078329	0.9983870970000001	40.5	87.0	23.0	50.166666666666664
Greentree	20	-19.71428571428572	0.5470409548225866	35.5	107.0	5128.571428571429	0.08746163870201776	132000.0	184950.0	0.019279485499999992	0.5990654224815328	0.933333333	1.000277932	71.0	44.0	45.0	53.333333333333336
Oak Lane Manor	35	-24.8	0.42770514603616133	11.0	118.0	6250.0	0.4258073306990054	233000.0	260000.0	0.013680556200000017	0.2311438129567997	0.914000458	0.991967871	50.0	40.0	74.0	54.666666666666664
Holloway Terrace	49	-21.95	0.6345037615026256	38.0	119.0	97.5	3.968128182280312e-05	64475.0	110000.0	0.028884620500000013	0.34841683733223855	0.828282828	0.9653270290000001	64.0	75.0	27.0	55.333333333333336
Leedom Estates	20	-14.035714285714286	0.4267065610184664	34.0	95.0	5463.392857142858	0.5575650781168516	102187.5	121700.0	0.041616159000000014	0.9914854787854338	0.877378103	1.0	113.0	42.0	12.0	55.666666666666664
Carrcroft	32	-17.3	0.43542591110787815	34.0	109.0	9450.0	0.7709291032696667	313500.0	345000.0	0.016368959200000033	0.6836523339778989	0.9131288609999999	0.973333333	87.0	25.0	57.0	56.333333333333336
Village Of Fountainv	29	-26.500000000000004	0.9942189712128364	17.0	70.0	-3540.0	0.0985895547751218	147920.0	170000.0	0.04206164199999996	0.5520108266686934	0.892307692	1.0	44.5	122.0	11.0	59.166666666666664
Cool Spring	69	-14.2	0.11218426616223431	64.0	178.0	20070.5	0.9389368009272872	127500.0	192000.0	0.01578755319999999	0.7271219255766583	0.896206753	0.947527369	111.0	10.0	63.0	61.333333333333336
North Pointe	43	-23.05	0.4453732907214334	8.0	110.0	-715.0	0.005442305414759881	250000.0	275950.0	0.024442606899999976	0.4049754258730124	0.873412851	0.987434568	58.0	93.0	34.0	61.666666666666664
Coffee Run	43	-19.0	0.41283092229401336	43.0	136.5	6550.0	0.08591884246626781	152000.0	217000.0	0.01399777560000005	0.17127397409705825	0.857142857	0.9602259890000001	75.5	39.0	72.0	62.166666666666664
Rambleton Acres	32	-28.25	0.49672841571294085	17.0	130.0	-1045.0	0.010455965903990673	135000.0	166450.0	0.016436869999999992	0.4821473525027795	0.9206999640000001	0.9882352940000001	38.5	95.0	55.0	62.833333333333336
Holly Oak	24	-17.8	0.12420227361818895	30.0	176.0	-280.0	0.00012807025568311757	129900.0	200000.0	0.028726563000000004	0.25784937444914213	0.823667942	1.000476417	82.0	79.0	29.0	63.333333333333336
Hershey Run	49	-36.2	0.7659808276829555	18.0	119.0	-3420.0	0.11905217515216907	179200.0	210000.0	0.017003621699999992	0.8124107155545752	0.921537651	0.971983991	21.0	118.0	51.0	63.333333333333336
Westview	41	-15.2	0.7452903225806451	19.0	71.0	2895.0	0.04736637977623818	135000.0	172500.0	0.023263576599999967	0.9275278903156075	0.9	0.9636871509999999	100.0	54.0	37.0	63.666666666666664
Linden Knoll	28	-80.00000000000001	0.9300523154427438	37.0	197.0	-9500.0	1.0	117000.0	136000.0	0.053994959499999946	0.7249972570300892	0.817936007	0.929529865	1.0	187.0	5.0	64.33333333333333
Timber Farms	47	-10.3	0.16130454614565912	31.5	104.0	16850.05	0.6070557214109668	314000.0	370333.5	0.020164545600000017	0.8320290299395943	0.923245614	0.982142857	142.0	11.0	42.0	65.0
Shellburne	26	-22.6	0.344131518663253	12.0	130.0	7200.0	0.20645161290322578	252500.0	297500.0	0.01077251210000001	0.05264036536364611	0.866622207	1.0	61.0	33.0	102.0	65.33333333333333
Klair Estates	27	-21.8	0.7852610707204228	29.0	102.0	-4400.0	0.18161350844277674	171000.0	200000.0	0.0573230171	0.7378846658775217	0.7764245320000001	0.961645359	66.0	131.0	4.0	67.0
Trinity Vicinity	23	-34.25	0.41626253067983554	107.0	211.5	-7971.250000000001	0.15676410810433403	153450.0	193442.5	0.05034870950000004	0.7988648012921695	0.806279325	0.9069767440000001	22.0	173.0	8.0	67.66666666666667
Trolley Square	189	-32.75	0.6370128954186743	20.0	135.0	-600.0	0.0006243496357960458	185000.0	253000.0	0.012302761299999965	0.7188170822003452	0.924968737	0.966101695	26.0	89.0	90.0	68.33333333333333
Fairview Farm	22	-13.55	0.145239343030327	28.0	124.5	10150.0	0.17959512758492954	300000.0	375000.0	0.014786831499999986	0.22517263668417412	0.878688525	0.968992248	117.0	22.0	66.0	68.33333333333333
Forest Brook Glen	27	-21.392857142857146	0.5888122698419991	33.5	108.0	160.71428571428572	0.031105990783410146	117250.0	120000.0	0.015086854642857158	0.5077256739086604	0.865431582	0.923402617	68.0	74.0	65.0	69.0
Caravel Farms	32	-37.5	0.7438705070221375	26.0	129.5	-2245.0	0.08716693726043803	275000.0	297000.0	0.012435287599999966	0.8931921626675919	0.942857143	0.9827854109999999	20.0	106.0	87.0	71.0
Northcrest	17	-18.71428571428572	0.04272593507330955	5.0	247.0	5321.428571428572	0.20424644185604918	225000.0	259900.0	0.011681268214285702	0.1602944170291719	0.914893617	1.0	77.0	43.0	96.0	72.0
Wilmington - Eastlawn Area (6.01)	45	-9.2	0.7750915750915751	40.0	70.0	809.0	0.021695827600512696	16500.0	33590.0	0.06833218899999996	0.7306080318751614	0.7518796990000001	0.984555985	146.0	68.0	2.0	72.0
Augustine Creek	46	-15.3	0.4706745752488186	45.5	107.5	12808.5	0.496369893067206	372450.0	429645.0	0.010377483199999992	0.18936471810742692	0.9273201640000001	0.993506494	99.0	16.0	108.0	74.33333333333333
Wilmington - Delaware Avenue Area (11)	25	-53.07142857142858	0.8214415913125381	23.5	197.0	36303.57142857143	0.48819517283007924	69000.0	227450.0	-0.008413817785714293	0.5816057455197966	0.888835411	0.918196995	5.0	2.0	216.0	74.33333333333333
The Ests At St Annes	41	-39.45	0.31668612503719984	38.5	240.0	9988.5	0.3065944174821921	352205.0	405000.0	-4.6040000000002744e-05	1.8726465792268237e-06	0.899826087	1.000702247	19.0	23.0	181.0	74.33333333333333
Sycamore Gardens	17	-53.00000000000001	0.936021326224592	46.0	152.0	11500.000000000002	0.905093503516006	182000.0	205000.0	-0.005325907999999935	0.08246939862245278	0.923160395	0.9592556409999999	6.0	19.0	205.0	76.66666666666667
Kiamensi Gardens	36	-26.95	0.8454840446429872	49.0	129.5	-6895.0	0.13307071048472563	129900.0	180450.0	0.0302466581	0.6006182075016432	0.8614285709999999	0.964745117	43.0	163.5	24.0	76.83333333333333
Buena Vista Park	23	-65.28571428571429	0.9583570419045173	34.0	222.0	-13232.142857142859	0.8349656099659932	94950.0	135000.0	0.05271484057142858	0.9754118236827614	0.804878049	0.967854732	3.0	222.0	7.0	77.33333333333333
College Park	17	-39.5	0.9769881026925484	34.0	113.0	-4500.0	0.7915309446254072	111000.0	120000.0	0.013061798000000013	0.44950257701586716	0.898876404	0.93697479	18.0	133.0	81.0	77.33333333333333
Crofton	33	-42.5	0.8928571428571428	29.0	114.0	-10250.0	0.22712123941632134	136000.0	179000.0	0.028352079500000016	0.8475350195492511	0.92150838	0.978212539	15.0	194.0	30.0	79.66666666666667
Swanwyck	38	-29.5	0.616433504515672	68.0	184.0	2365.0	0.2261682242990654	115000.0	129500.0	0.00499152580000003	0.015905610111969608	0.8567854909999999	0.9695748409999999	34.0	56.0	150.0	80.0
Fairfax	104	-15.95	0.30579520697167756	11.0	100.0	6680.0	0.2851262456030492	231000.0	269450.0	0.010137715200000008	0.14705840578351626	0.901968662	0.973885777	93.0	37.0	111.0	80.33333333333333
North Star	31	-41.05	0.5741136488495003	13.0	169.5	-2678.75	0.1305007604932799	322450.0	342400.0	0.009007989399999982	0.08425485726878464	0.8757365659999999	0.971706202	16.0	109.0	116.0	80.33333333333333
Devonshire	18	-1.7500000000000002	0.028334618350038553	30.5	50.0	15000.0	0.870967741935484	255000.0	285000.0	0.019629733999999958	0.4410588158427118	0.933644548	0.99154881	190.5	13.0	44.0	82.5
Park Plaza	32	-4.35	0.019661016949152548	45.5	142.0	8625.0	0.2072252448313384	175000.0	233750.0	0.020303837699999994	0.47084850467378847	0.8380517540000001	0.9192200559999999	180.5	27.0	41.0	82.83333333333333
Springfields	30	-33.9	0.9030764999410633	23.0	120.0	-3890.0	0.2268391584280863	220000.0	245250.0	0.011461444199999971	0.4843280263364645	0.92	0.97188755	24.0	127.0	98.0	83.0
Richardson Park	33	4.250000000000001	0.4432515337423313	70.5	83.0	7100.0	0.29305867762188975	93800.0	120000.0	0.05324596250000002	0.9960268608925207	0.833341922	0.9398338470000001	211.5	34.0	6.0	83.83333333333333
Lakeside	32	1.2500000000000002	0.0007649626698217126	46.0	125.5	7500.0	0.28650254668930397	275000.0	303000.0	0.03771128850000005	0.9734449988311038	0.923076923	0.9984995000000001	205.0	30.5	18.0	84.5
Northridge	34	-23.0	0.15503875968992253	19.5	177.5	-6670.0	0.22197668413817884	206000.0	249900.0	0.02439092949999997	0.7068939982451011	0.912946562	0.9963250309999999	59.5	160.0	35.0	84.83333333333333
Mansion Farms	70	-31.35	0.9216805185975359	26.0	113.5	-6490.0	0.5941320431351252	236000.0	260000.0	0.014553149300000012	0.9468885379146268	0.936736717	0.980947305	29.0	157.5	68.0	84.83333333333333
The Ridge	36	-25.35	0.7808885850991115	12.5	101.0	-5260.0	0.6281167349625981	214750.0	235000.0	0.013779971299999982	0.8531916233080026	0.9384042990000001	0.979825745	48.0	140.0	73.0	87.0
Edgemoor Gardens	45	0.45	0.00021003228273975449	21.0	106.5	11105.0	0.430682841585589	25000.0	74000.0	0.022145883599999982	0.24754129812039197	0.886287625	0.991287386	204.0	20.0	38.0	87.33333333333333
Country Creek	48	-24.6	0.6229771463866585	51.0	147.0	-6725.0	0.3804969107401077	139000.0	169250.0	0.01738087450000001	0.9430880703830815	0.918536585	0.974358974	52.0	161.5	49.0	87.5
Cobblestones	19	-14.750000000000002	0.6868587213891083	44.5	76.5	-5250.0	0.07157541657649862	40500.0	78500.0	0.03690158899999996	0.4641477886320108	0.74811463	0.85369144	108.0	139.0	19.0	88.66666666666667
Covered Bridge Far	26	-9.0	0.1290322580645161	75.5	125.0	-2500.0000000000005	0.42857142857142866	320000.0	327500.0	0.040152356999999916	0.9794301569268592	0.9030286190000001	0.9833333329999999	148.5	108.0	15.0	90.5
Claymont Addition	24	-11.500000000000002	0.5785636164783086	33.5	62.0	12500.000000000002	0.20994289553241519	140500.0	195000.0	0.008377469500000012	0.8579734645940036	0.958732805	0.975487744	130.0	17.0	125.0	90.66666666666667
Cooper Farms	26	-34.00000000000001	0.9188580512684642	9.0	77.0	7500.0	0.15570036330084772	160000.0	197750.0	-0.009010724999999999	0.14530735605836576	0.926637099	0.9734991890000001	23.0	30.5	219.0	90.83333333333333
Heritage Park	61	-24.4	0.4690828868578632	36.0	133.0	-450.0	0.0010949645150388646	222500.0	262000.0	0.00609636340000006	0.7266212683176855	0.941883768	0.9632352940000001	53.0	81.0	139.0	91.0
Limestone Gardens	19	-29.535714285714285	0.8156421582891679	56.0	147.5	-3500.0000000000005	0.07692307692307693	192500.0	227500.0	0.008624257285714303	0.27693022479435686	0.921296296	0.9701492540000001	33.0	120.0	120.0	91.0
Wilmington - Fourth/Clayton Area (23)	80	-13.45	0.6337727173199037	18.0	69.5	-470.0	0.19838347552761565	18700.0	22000.0	0.013608668800000034	0.03018706765770466	0.63493841	0.851955307	118.0	82.0	75.0	91.66666666666667
Triangle	28	-24.071428571428573	0.9915139557014521	39.5	113.0	5035.714285714286	0.9820687611144043	222500.0	238000.0	0.0012815528571428205	0.1819063280853064	0.943498243	0.952625348	55.0	45.0	175.0	91.66666666666667
Bellefonte	61	-10.5	0.26808510638297867	24.0	86.5	8960.0	0.5356248832430414	169900.0	204500.0	0.010281154400000015	0.6368669090686541	0.9106961309999999	0.948343693	140.5	26.0	109.0	91.83333333333333
Green Acres	29	-15.392857142857144	0.808767698228871	74.0	124.5	5500.000000000001	0.9758064516129036	242000.0	259000.0	0.006107868214285717	0.8429978932217672	0.93470435	0.954549793	97.0	41.0	138.0	92.0
Caravel Woods	17	-10.5	0.9642857142857141	43.0	64.0	-3000.0	0.06036892118501956	272500.0	296000.0	0.029961753500000025	0.7427587360747906	0.92674316	0.9872452829999999	140.5	114.0	25.0	93.16666666666667
Graylyn Crest-nort	54	-19.5	0.9972462627852088	22.0	80.0	1581.0	0.01242438835736719	242340.0	282000.0	0.005041433699999964	0.040632032407421546	0.933158354	1.0	73.0	63.0	149.0	95.0
The Legends	57	-17.4	0.7046665890841382	34.0	93.5	-650.25	0.004649407513501772	327500.0	355167.5	0.010234455499999972	0.19978503630628472	0.902027342	0.969972533	85.0	91.0	110.0	95.33333333333333
Wilmington - Downtown/Rodney Square Area (01)	86	20.95	0.11449916682699676	30.0	198.0	7395.0	0.3214643297232834	10550.0	50000.0	0.04836345420000003	0.22116135771102577	0.6	0.887272727	251.0	32.0	9.0	97.33333333333333
Berkshire	24	-21.6	0.8150943396226416	39.0	108.0	4637.5	0.03280685592522456	135000.0	213750.0	5.3220700000045086e-05	0.00011698907647278229	0.9258984809999999	0.94037615	67.0	46.0	180.0	97.66666666666667
Becks Woods	42	-31.55	0.4288240647499447	44.0	186.0	-16404.0	0.9595998348763983	145000.0	196500.0	0.025960352600000004	0.45379577704877455	0.876958986	0.9866863909999999	28.0	234.0	32.0	98.0
Limestone Hills We	77	-15.9	0.8884554559831312	16.0	63.0	-1225.0	0.027771673124746973	235000.0	255250.0	0.010682081899999984	0.9392669409006963	0.94439541	0.9789172309999999	94.0	97.5	104.0	98.5
Villa Belmont	43	-16.9	0.5988258727329909	22.0	84.0	-7950.0	0.884724409448819	78000.0	103500.0	0.02089714199999999	0.11860137936272898	0.8015873020000001	0.969717322	89.0	172.0	39.0	100.0
Roselle	28	-39.714285714285715	0.8880054233548965	30.0	142.0	-23878.57142857143	0.8589899433683718	134900.0	205000.0	0.02628928385714286	0.9926297346998022	0.895196507	0.975372233	17.0	253.0	31.0	100.33333333333333
Blue Rock Manor	39	-17.45	0.8246792376180642	36.5	96.0	-4430.0	0.05449105786771585	215000.0	268000.0	0.012569508699999999	0.4278785133272712	0.917431193	0.970701239	84.0	132.0	85.0	100.33333333333333
Buckley	26	-15.8	0.17849277849277848	14.0	129.0	-3750.0	0.11184014315538322	125000.0	155000.0	0.01274898870000003	0.09596507848333258	0.8805870579999999	1.0	95.0	123.0	84.0	100.66666666666667
Deerborne Woods	31	-11.9	0.24959901295496603	33.0	105.0	-595.0	0.001193871051640972	310000.0	351250.0	0.012389530899999978	0.6523948396851027	0.920784314	0.962283263	126.0	88.0	88.0	100.66666666666667
Hockessin Chase	21	-16.78571428571429	0.9441462080284485	11.0	59.0	-2142.857142857143	0.035714285714285726	535000.0	565000.0	0.010387057357142888	0.6055304420202409	0.9462994309999999	0.982300885	90.0	105.0	107.0	100.66666666666667
Sharpley	51	-1.75	0.16610169491525426	8.5	21.0	21449.85	0.5017231436758943	325000.0	408000.0	0.010645158900000007	0.685608898486847	0.943952802	0.980389046	190.5	9.0	106.0	101.83333333333333
Gordy Estates	37	-11.55	0.21241167923889895	25.0	102.5	-3860.0	0.11537690154369146	107500.0	137950.0	0.016878144500000004	0.3519347077434561	0.88903847	0.9673115409999999	127.5	126.0	52.0	101.83333333333333
Canby Park	41	-22.15	0.13220985263157892	19.5	190.0	-13249.45	0.5744279443802317	45005.5	93500.0	0.034740991200000036	0.7567024020252668	0.8153908879999999	0.921505088	63.0	223.0	20.0	102.0
McDaniel Crest	58	-18.6	0.8948784273150543	22.0	79.0	-1300.0	0.023182441700960225	212500.0	236500.0	0.0078043055000000085	0.30268682559138005	0.925	0.969387109	78.0	100.0	131.0	103.0
Llangollen Estates	60	-9.25	0.1296131487758232	59.0	129.5	-1730.0	0.06876830991578875	184900.0	202000.0	0.015982309299999987	0.25153747449898417	0.90346908	0.9911111109999999	145.0	103.0	62.0	103.33333333333333
Cantwell Ridge	25	-14.321428571428577	0.6154638149333255	23.0	72.5	-6550.000000000001	0.40328531478391655	266000.0	297500.0	0.01974688350000002	0.5469413636641811	0.9283713490000001	1.0	109.0	159.0	43.0	103.66666666666667
Plum Run	35	-26.1	0.9490909090909091	25.0	99.0	-2725.0	0.05860359582706489	188750.0	222000.0	0.003976579399999991	0.4003511466700662	0.945083014	0.963319748	46.0	110.0	155.0	103.66666666666667
Stratford	23	20.65	0.5395448147152325	20.0	101.0	7520.0	0.5054377748382252	160000.0	189900.0	0.025186175899999986	0.9778218478887877	0.885648942	0.965	250.0	28.0	33.0	103.66666666666667
Thornwood	17	-9.142857142857144	0.9604314438126506	12.0	40.5	6610.714285714287	0.18799741494027572	264950.0	309900.0	0.008093102142857158	0.3060111391327409	0.9244076809999999	0.968740231	147.0	38.0	127.0	104.0
Wilmington - Brandywine Village (05)	91	-25.3	0.7924357783967813	27.0	93.0	-5905.0	0.7567822291191336	21000.0	41000.0	0.008713674900000013	0.15011124667523512	0.836120401	0.906908665	49.0	149.0	118.0	105.33333333333333
Rutledge	58	-11.4	0.6637385086823289	40.0	82.0	1970.0	0.19422465780847284	209100.0	220000.0	0.008516840499999966	0.9597075435200539	0.946947368	0.9736842109999999	132.0	61.0	123.0	105.33333333333333
Stonefield	32	-15.05	0.2589376813043913	12.0	104.0	-480.0	0.0011743478393834673	280000.0	322000.0	0.006790047300000046	0.03254598833310882	0.879054259	0.9828448890000001	102.0	83.0	135.0	106.66666666666667
Salem Woods	82	-8.75	0.9723765677091601	37.0	63.0	-194.6	0.0005081482063984548	213500.0	237518.0	0.011898297099999965	0.6186923518771225	0.929974064	0.9715275109999999	151.0	76.0	94.0	107.0
Fairfield	38	-3.8	0.06617781851512373	42.0	86.0	4500.0	0.5793991416309014	248000.0	265000.0	0.012121863099999996	0.26995469554704	0.9094216079999999	0.982493748	184.0	47.5	92.0	107.83333333333333
Northwood	21	-15.0	0.8928571428571428	9.0	39.0	-4000.0	0.9230769230769229	225000.0	233000.0	0.011962050000000002	0.35771871906599306	0.949450549	0.989175065	103.5	128.0	93.0	108.16666666666667
Breezewood	37	-2.15	0.024635267470521624	49.0	87.0	1637.5	0.01221894677961936	160000.0	197900.0	0.013504830199999995	0.711854221532924	0.9117647059999999	0.95959596	187.0	62.0	76.0	108.33333333333333
Coventry	47	-8.3	0.09722673064709618	21.0	93.0	-3155.0	0.0670122517194399	141550.0	180000.0	0.01681409100000002	0.17908566226835027	0.86038961	0.980926431	156.0	117.0	53.0	108.66666666666667
Shannon Cove	43	-1.15	0.0024282206054485776	34.0	102.0	824.7	0.03873716251783013	358822.5	370524.0	0.014698896100000015	0.6858409177890353	0.954838587	0.999998631	193.0	67.0	67.0	109.0
Mallard Pointe	29	-11.95	0.3677278140792481	28.5	80.0	-5750.0	0.11630033891985347	215500.0	265500.0	0.016326191600000005	0.7916110008025686	0.9607843140000001	1.012585034	125.0	146.0	58.0	109.66666666666667
Rolling Park	17	-23.000000000000004	0.7174502712477396	30.0	78.0	-12450.0	0.777071740111295	155000.0	179900.0	0.016410393000000082	0.8932319554758705	0.9113652609999999	0.9441860470000001	59.5	214.0	56.0	109.83333333333333
Woodland Trail	30	-14.15	0.19939749287323702	32.0	119.0	-765.0	0.0010944689553312756	72000.0	124950.0	0.008491870199999984	0.22902894206735913	0.915185177	0.970414201	112.0	94.0	124.0	110.0
Wilmington Manor	79	5.35	0.08214529147982062	40.0	89.0	4350.0	0.1556926874421475	109500.0	140000.0	0.015468854399999987	0.5126642096044114	0.9006004000000001	0.967898383	218.0	49.0	64.0	110.33333333333333
Millbranch At Gree	69	-15.0	0.17064846416382254	47.0	147.5	-1700.0	0.05297891842346471	167000.0	190000.0	0.008226719200000043	0.18573421522372763	0.9314636079999999	0.989195079	103.5	102.0	126.0	110.5
Glen Berne Estates	15	7.5	0.09328358208955222	53.0	101.0	2500.0000000000005	0.017547800207765956	180000.0	214900.0	0.017250119000000067	0.9989747688672219	0.9103641459999999	0.9448643840000001	230.0	55.0	50.0	111.66666666666667
Odessa National	42	-20.3	0.18791582115415312	45.0	179.0	-12668.5	0.11933207881743325	162000.0	269900.0	0.018629917899999994	0.34789681240711784	0.9090909090000001	1.0	70.0	219.0	46.0	111.66666666666667
Christina Landing	16	-13.678571428571429	0.32181908330627534	50.0	121.0	-12089.285714285717	0.9568535019081582	242250.0	280000.0	0.04026901128571431	0.9917839421066451	0.892133009	1.01505613	115.0	207.0	14.0	112.0
Bay Pointe	18	-18.500000000000004	0.9480609418282551	26.0	63.0	-8800.000000000002	0.39661294728216334	449900.0	477500.0	0.013307131499999958	0.9963456552569144	0.9433857370000001	0.97	79.5	180.0	77.0	112.16666666666667
Wilmington - West Hill Area (14)	44	-30.25	0.6409178858158451	60.0	164.5	-2997.0	0.0037420105296246302	38970.0	185950.0	-0.003993476800000062	0.00694131879657601	0.8025210079999999	0.9417597209999999	31.0	112.0	194.0	112.33333333333333
Garfield Park	50	-12.65	0.05867567456079642	25.5	173.0	-10975.0	0.4189450344010521	70250.0	120000.0	0.03801401770000001	0.8896188497837475	0.87804878	0.979009056	122.0	201.0	17.0	113.33333333333333
Middletown Crossing	42	-30.35	0.902055305970058	11.0	107.5	-6330.0	0.9611499574223107	238000.0	258250.0	0.0034701510000000103	0.1036214339235876	0.9464805270000001	0.9799918329999999	30.0	156.0	160.0	115.33333333333333
Mendenhall Village	69	-22.35	0.7773005776973799	13.0	79.0	-12470.0	0.6982481034029857	250000.0	294900.0	0.014146343499999981	0.3976607057155413	0.93135564	1.0	62.0	215.0	71.0	116.0
Brandywood	51	-7.3	0.4295848448206369	19.0	51.5	410.0	0.0010566279676411613	295250.0	332950.0	0.00936565859999997	0.6889766893819513	0.9392466140000001	0.9708394359999999	163.0	71.0	115.0	116.33333333333333
Wilmington - Baynard Boulevard (03)	82	-16.55	0.33267341764464764	38.5	122.0	-5435.0	0.10471472332423026	32850.0	80000.0	0.009725775100000045	0.04947254687570484	0.828516699	0.9523809520000001	91.0	144.0	114.0	116.33333333333333
Parkside	55	3.55	0.022912074176760677	42.0	107.0	6874.2	0.3713403290816957	375000.0	408220.0	0.010666959300000023	0.7096938393654332	0.9391749079999999	0.977494885	210.0	36.0	105.0	117.0
Westwoods	25	-10.6	0.5760574211740578	8.0	49.5	-200.0	9.300162752848175e-05	394500.0	455000.0	0.006463847799999978	0.09351816785426574	0.9381918370000001	1.004375912	139.0	77.0	137.0	117.66666666666667
Newark	28	-5.25	0.14878542510121462	21.0	48.0	22625.000000000004	0.8718361863777715	182250.0	227500.0	0.001672720499999947	0.004617012183253412	0.95578717	1.0	175.0	6.0	173.0	118.0
Woodbrook	31	-4.35	0.4633608815426998	12.0	29.5	13240.0	0.05176871735709548	400000.0	563950.0	0.0033792757999999367	0.052433047843695686	0.9397559109999999	0.9800684759999999	180.5	14.5	161.0	118.66666666666667
Edgemoor Terrace	42	-15.35	0.3541930513538398	25.0	100.5	-5860.0	0.15181280034660052	154750.0	199900.0	0.009924889800000013	0.3214494257275365	0.9254948559999999	0.9769094140000001	98.0	148.0	112.0	119.33333333333333
Back Creek	33	7.7	0.024835068171822315	33.0	164.0	4150.0	0.02276489929448309	370000.0	452500.0	0.012458719500000038	0.4996632677919893	0.9155555559999999	0.9638157890000001	231.0	50.0	86.0	122.33333333333333
Todd Estates	32	-25.750000000000004	0.9947180897612202	17.5	69.0	-15650.000000000002	0.8211619486136412	140700.0	172000.0	0.012263344999999983	0.8814193861907478	0.955555556	0.9800822459999999	47.0	231.0	91.0	123.0
Manor Park	32	5.5	0.1520100502512563	26.0	54.0	12250.000000000002	0.9522739291380224	78500.0	103000.0	0.007409064000000021	0.16662662102443243	0.9139037720000001	0.950012155	219.5	18.0	132.0	123.16666666666667
Chaddwyck	18	-12.678571428571432	0.11775968334535619	26.5	132.0	-7125.000000000001	0.3289793438639126	212750.0	249250.0	0.012814164928571445	0.3076312962855967	0.899713067	0.969737324	121.0	166.0	83.0	123.33333333333333
Brandywine Springs	27	-10.95	0.6630400221193059	27.5	68.5	1280.0	0.014433843416056594	227450.0	253750.0	0.0017809294999999725	0.007417417665036831	0.920968387	0.9805732970000001	136.0	65.0	172.0	124.33333333333333
Elsmere Manor	48	-21.0	0.8150817854172443	27.0	80.0	-14190.0	0.6174474602933667	61050.0	111150.0	0.013234834299999975	0.06930764986103356	0.8434111759999999	1.0008333329999999	69.0	227.0	79.0	125.0
Brandywine Hills	34	-33.285714285714285	0.9703864904840849	82.5	179.0	-27678.57142857143	0.37715855572998436	297500.0	435000.0	0.01183161807142859	0.4186530974152456	0.91080505	0.966666667	25.0	256.0	95.0	125.33333333333333
Brookside	114	-21.9	0.9711653336033208	37.0	101.5	-3775.0	0.08385957814597547	122000.0	161750.0	-0.0028867614000000485	0.030192950444096367	0.900950907	0.9495148290000001	65.0	124.5	188.0	125.83333333333333
Graylyn Crest	49	-10.7	0.6124097352233216	14.0	53.0	-1425.0	0.01307260546804273	253000.0	287250.0	0.0060032012000000076	0.20998605364871395	0.9526833920000001	0.992396959	138.0	101.0	140.0	126.33333333333333
Faulkland Heights	58	-17.75	0.47084866712745876	8.5	90.0	-7240.0	0.6491665221806653	190000.0	217500.0	0.0078116386999999895	0.1507487281682384	0.921348315	0.980697767	83.0	167.0	130.0	126.66666666666667
Pepper Ridge	30	-23.6	0.2994408602150538	7.0	139.0	-6490.0	0.7063160807264373	160000.0	182500.0	0.002240656800000018	0.01334986120167793	0.91884058	0.978561047	56.0	157.5	167.0	126.83333333333333
Limestone Hills	88	-19.65	0.41410014076010454	24.5	121.0	-12875.0	0.3025282452848483	290000.0	361500.0	0.012325548499999983	0.22436925462292728	0.890903407	0.9666141070000001	72.0	220.0	89.0	127.0
Ests Of Red Lion	20	-18.500000000000004	0.12835979497437178	39.0	141.0	-14000.000000000002	0.8228811335607452	311000.0	339000.0	0.013222389000000001	0.9045363068087102	0.944429008	0.970873786	79.5	226.0	80.0	128.5
Weatherhill Farms	23	8.75	0.2245646196150321	15.0	72.5	-1215.0	0.01801254646202278	195000.0	222500.0	0.01644419920000003	0.7413078402062453	0.9286450409999999	0.982127192	238.0	96.0	54.0	129.33333333333334
Old New Castle	91	10.75	0.37797947585755765	103.0	152.0	3300.0	0.08240635641316688	220000.0	250000.0	0.011492495899999988	0.47718325640021186	0.888758093	0.941142857	241.0	52.0	97.0	130.0
Wawaset Park	27	-14.000000000000002	0.05251406626775032	12.0	129.0	-56750.00000000001	0.8822334836932664	379000.0	492500.0	0.03444885749999999	0.7427881862751976	0.9045188479999999	0.974079127	114.0	259.0	21.0	131.33333333333334
Chalfonte	52	-7.35	0.9727211343686698	9.0	31.0	-9350.0	0.5378604937322157	315500.0	355000.0	0.017855424499999994	0.7453451625969227	0.936095435	1.0	162.0	185.0	48.0	131.66666666666666
Ballymeade	31	-0.05	7.58869284765699e-06	13.0	67.5	950.0	0.4658064516129032	326000.0	330000.0	0.007221431099999997	0.22557261741314721	0.9406715659999999	0.9859154929999999	200.0	66.0	134.0	133.33333333333334
Perch Creek	25	-12.142857142857144	0.5714285714285715	88.0	130.5	-4321.4285714285725	0.19709493295999145	168000.0	197500.0	0.005206555999999991	0.27432744756472816	0.9303481290000001	0.96	124.0	130.0	146.0	133.33333333333334
Highlands	77	-7.0	0.12887953708574434	42.0	96.0	9830.0	0.06567722636811273	339900.0	449900.0	-0.008257924600000032	0.3638347661759846	0.916921367	0.9540729040000001	164.5	24.0	215.0	134.5
Towne Ests	33	-11.500000000000002	0.9974858579509741	8.5	31.5	625.0000000000001	0.6048387096774195	18500.0	20000.0	-0.005304929000000015	0.003049937387170712	0.828571429	1.0	130.0	70.0	204.0	134.66666666666666
Penn Acres	82	-16.4	0.42222919937205655	51.0	120.0	-7015.0	0.3114465251577676	177500.0	217000.0	0.005130297499999992	0.0959037826549493	0.91596265	0.963677453	92.0	165.0	147.0	134.66666666666666
Middletown Village	120	-14.25	0.47044684486403526	33.5	98.5	-5790.0	0.11906323750601547	132300.0	177400.0	0.005095918599999994	0.03171225829436059	0.8960012959999999	0.9747475529999999	110.0	147.0	148.0	135.0
Holiday Hills	17	-8.500000000000002	0.040133314817386474	57.0	137.5	4500.0	0.3574528176990629	230000.0	244950.0	-0.005403785500000036	0.616871702378673	0.921985816	0.934765814	152.0	47.5	207.0	135.5
Misty Vale Farm	24	-7.42857142857143	0.8622448979591839	49.0	73.0	776.8928571428572	0.027460381029446652	300876.5	315000.0	0.00030987242857143717	0.0018154372501939145	0.942743656	0.964028777	161.0	69.0	178.0	136.0
Wilmington - Old Swedes Area (17)	44	-4.5	0.07597073719752394	22.0	73.0	-315.0	0.008664898320070733	10450.0	19900.0	0.004672773899999971	0.005845238464568846	0.759333092	0.926966292	179.0	80.0	152.0	137.0
Frenchtown Woods	59	-15.15	0.3527655568576973	30.0	105.0	-7350.0	0.19486000270526174	167000.0	213500.0	0.005743511700000004	0.24337653043018562	0.938729623	0.972762646	101.0	168.0	144.0	137.66666666666666
Arundel	25	-5.750000000000001	0.005555244402749968	65.0	204.0	-12500.000000000002	0.9286775631500743	225000.0	250000.0	0.029595497999999942	0.5277243758501671	0.895050895	0.9731395509999999	171.5	216.0	26.0	137.83333333333334
Collins Park	105	-19.0	0.6918359524722116	38.0	106.0	-2400.0	0.030379746835443044	61000.0	99000.0	-0.014436551299999989	0.548618736166136	0.8890767620000001	0.943531094	75.5	107.0	231.0	137.83333333333334
Brandywine Village	17	8.678571428571429	0.4079885581626731	99.5	141.0	10200.0	0.424986979565577	80000.0	124450.0	0.003775894285714248	0.06612632097941401	0.8511764709999999	0.8959148309999999	237.0	21.0	156.0	138.0
The Pointe	23	-26.500000000000004	0.09520312711826112	23.0	191.0	-110000.0	0.8340034462952323	775000.0	995000.0	0.008928571499999984	0.7499999999999999	0.982142857	1.0	44.5	260.0	117.0	140.5
Deerhurst	35	2.65	0.1896051299358758	38.0	55.5	32700.0	0.7275566442131048	255000.0	360000.0	-0.005744643600000055	0.09888642454170336	0.93958511	0.9886363640000001	209.0	5.0	208.0	140.66666666666666
Wilmington - Ninth/Washington Area (16)	44	7.1	0.3933671478735856	86.0	121.0	-1225.0	0.2736182336182336	23000.0	30000.0	0.01143029299999999	0.015207604729890878	0.579860006	0.80952381	226.0	97.5	100.0	141.16666666666666
Midtown Brandywine	18	-78.10714285714286	0.7961090438440384	15.0	262.5	-17292.857142857145	0.910958373975855	241000.0	296000.0	-0.0018724555000000373	0.004441074078462639	0.895883777	0.978686385	2.0	237.0	185.0	141.33333333333334
Meadowood	57	-24.2	0.6161712872849702	22.0	103.5	-8300.0	0.7545454545454545	194500.0	221000.0	-0.0040147081000000305	0.12094235793821828	0.9289962829999999	0.963224098	54.0	177.0	195.0	142.0
Wilmington - Bayard Square Area (25)	79	-1.0	0.01466275659824047	43.0	66.0	-3000.0	0.014634146341463414	115000.0	175000.0	0.008706531299999954	0.333907665675332	0.894472362	0.9337483329999999	194.0	114.0	119.0	142.33333333333334
Hedgeville	30	-14.9	0.21230754518504352	41.0	134.5	-644.75	0.013647525985145214	31375.0	45607.5	-0.016549267400000033	0.02894009121964423	0.622937124	0.9064087120000001	105.0	90.0	234.0	143.0
Crossland at Canal	49	-51.4	0.8605732899022799	13.0	179.0	-30537.3	0.21847772618307096	290000.0	473124.0	0.0026331444999999733	0.05057157585289386	0.970175439	1.001164372	7.0	257.0	166.0	143.33333333333334
Jefferson Farms	74	-6.9	0.7197278911564626	45.0	69.0	-9645.0	0.8396352670003958	140000.0	169900.0	0.01325776329999998	0.31590110720066805	0.9285714290000001	1.0	166.0	188.0	78.0	144.0
Ashton Condo	24	-44.35714285714286	0.9823921865327739	61.5	198.0	-16599.928571428572	0.8641617530054319	61601.0	110000.0	-0.002931930071428551	0.0058278997764854255	0.8072590740000001	0.914871795	14.0	235.0	189.0	146.0
Chestnut Hill Ests	56	-11.55	0.1317506759008925	19.0	109.0	-15375.0	0.8463033844080138	130000.0	179900.0	0.012876040700000013	0.27442303681541247	0.90045045	0.9759252890000001	127.5	230.0	82.0	146.5
Woodcrest	67	-23.25	0.22125750188026666	25.0	174.5	-11115.0	0.9930299221427472	165450.0	198500.0	-0.0003753045000000177	0.0005739455990393337	0.916686056	0.96335881	57.0	202.0	182.0	147.0
Wilmington - Kirkwood Park Area (09)	54	-17.2	0.45923626203042534	12.0	87.0	-1240.0	0.08787038889047633	18000.0	29900.0	-0.06268626690000004	0.2539639825083812	0.67721519	1.0	88.0	99.0	256.0	147.66666666666666
Albertson Park	15	-13.642857142857144	0.24230850979037702	10.0	93.0	-11607.14285714286	0.6629226261187939	179900.0	219500.0	0.008586616928571418	0.10435054891603708	0.924731183	1.0	116.0	205.0	122.0	147.66666666666666
Barrington	15	-8.357142857142858	0.9642857142857143	20.0	46.0	-714.2857142857141	0.0033222591362126225	180000.0	215000.0	-0.0041651356428571516	0.7323190486491865	0.961538462	0.975487744	155.0	92.0	196.0	147.66666666666666
Sherwood Forest	25	-19.357142857142858	0.48261518140537424	64.0	149.0	-5410.714285714286	0.4073664874074862	190750.0	215000.0	-0.01346902514285714	0.39808123893996616	0.884895933	0.9461760459999999	74.0	143.0	228.0	148.33333333333334
Little Italy	54	-17.35	0.16904372486118813	33.5	161.0	-5050.0	0.07731837647326335	90000.0	146000.0	-0.010098244999999983	0.09096494576100093	0.8608608609999999	0.956502827	86.0	137.0	222.0	148.33333333333334
Springmill	45	-4.6	0.1090721649484536	34.0	78.0	-4760.0	0.7037833136609306	257500.0	274000.0	0.006526298500000027	0.9128060413619719	0.940594059	0.9591339870000001	178.0	136.0	136.0	150.0
Stonebridge	33	-7.45	0.09058120320691977	31.5	100.0	-13170.0	0.5692429627733416	109750.0	160000.0	0.014347395100000004	0.1795189820340315	0.863095238	0.954782609	160.0	221.0	70.0	150.33333333333334
Lynnfield	24	-28.25	0.9863786177773202	26.5	83.0	-23025.0	0.75081433128649	188950.0	235000.0	0.0017834439999999674	0.0048257898567711085	0.9178082190000001	0.963951042	38.5	251.0	171.0	153.5
Townsend Village	29	-7.65	0.40377749029754195	44.5	80.0	-547.0	0.002339050218609016	268500.0	301500.0	-0.008417169599999963	0.12312684023456469	0.9080926420000001	0.976363636	159.0	86.0	217.0	154.0
Brack-ex	20	6.42857142857143	0.2967032967032967	75.0	110.0	-8946.428571428572	0.21360405624827672	114000.0	172500.0	0.01620779821428577	0.5255478461571493	0.9007506259999999	0.968730457	223.0	182.0	60.0	155.0
Elsmere	29	-9.000000000000002	0.1578947368421053	56.0	122.0	-11571.428571428572	0.6150168728908886	112000.0	152000.0	0.009835652999999995	0.37250064764333796	0.9	0.949152542	148.5	204.0	113.0	155.16666666666666
Edenridge	34	4.45	0.013939164635594933	14.0	115.0	2182.5	0.0053081102867868915	484000.0	575000.0	-0.0038976709999999693	0.05137459724818478	0.921259843	0.9753502159999999	214.0	59.0	193.0	155.33333333333334
Cleland Heights	64	-29.1	0.20424254118328064	48.0	232.5	-12285.0	0.8408412243968445	120000.0	158750.0	-0.011035732000000043	0.10933695146350186	0.895522388	0.979757085	36.0	211.0	224.0	157.0
Wrangle Hill Est	25	-5.928571428571429	0.7860565951620265	48.0	67.0	-5714.285714285715	0.388066941547417	215000.0	243000.0	0.0034942015	0.3516124879367824	0.935189213	0.9523809520000001	169.0	145.0	159.0	157.66666666666666
Barrett Run	26	-8.964285714285714	0.118628972124517	36.0	115.5	-10350.000000000002	0.685233160621762	165100.0	202000.0	0.008015598571428577	0.3482421992522827	0.934013216	0.9736842109999999	150.0	195.0	128.0	157.66666666666666
Stone Mill	29	6.8	0.1355216881594373	24.0	77.0	-540.0	0.008424336973478939	160000.0	177000.0	0.002688183699999969	0.03382964381556452	0.9375	0.975121951	225.0	85.0	165.0	158.33333333333334
Castle Hills	52	7.2	0.4695652173913043	39.0	69.0	-9730.0	0.2661792346070202	78000.0	136000.0	0.016262362799999996	0.32713629294123153	0.85387985	0.9375	228.0	190.0	59.0	159.0
Willow Grove Mill	104	-12.9	0.8553585196607555	44.0	88.0	-13950.0	0.2870931454810335	215000.0	294000.0	0.00726763389999997	0.7451455298819005	0.9395348840000001	0.962981491	119.0	225.0	133.0	159.0
Vilone Village	43	-32.45	0.9480210220686708	64.0	158.5	-17410.0	0.7803587082589403	116000.0	175000.0	-0.0068976421000000124	0.14266615033653843	0.896580484	0.951840254	27.0	238.0	212.0	159.0
Meeting House Hill	23	7.75	0.22517456300670138	51.0	100.5	-8380.0	0.39362570345956366	194900.0	230000.0	0.014517074399999996	0.4749377483747823	0.89490592	0.95890411	232.0	178.0	69.0	159.66666666666666
Sherwood Park	30	-6.500000000000001	0.8622448979591837	18.0	37.0	-9364.285714285716	0.7564354487806443	219000.0	250000.0	0.007821938642857162	0.987731285926663	0.964630225	0.988599349	167.0	186.0	129.0	160.66666666666666
Limestone Acres	38	5.5	0.4036024016010674	37.0	62.0	3200.0	0.2403755868544601	200000.0	218000.0	-0.007124691899999991	0.16175423881509057	0.90950432	0.965250965	219.5	53.0	214.0	162.16666666666666
Wilmington Manor Gardens	58	-4.75	0.032143175140236846	40.0	111.5	-5275.0	0.06931550144404053	75000.0	132000.0	0.0019137482999999733	0.005001330918230341	0.870827962	0.947368421	177.0	141.0	169.0	162.33333333333334
Paladin Club	71	-27.05	0.6737979856115107	64.0	160.0	-12200.0	0.5841444270015699	85000.0	132000.0	-0.018853971899999933	0.2906253445450188	0.847457627	0.9537210759999999	42.0	210.0	238.0	163.33333333333334
Creekside	42	-18.05	0.218609878634873	73.5	191.0	-6725.0	0.12597338161433805	73250.0	130000.0	-0.02756191729999998	0.15229851144786527	0.766752577	0.982391103	81.0	161.5	251.0	164.5
Scottfield	65	-2.8	0.008755374392763417	39.0	120.0	-7650.0	0.30762862211709047	161500.0	200000.0	0.005974422999999984	0.03982404571318437	0.888962969	0.971947052	186.0	170.0	142.0	166.0
Pinewoods	86	-8.1	0.3183406113537119	40.5	85.0	-8675.0	0.35766288930804535	130000.0	175250.0	0.0030996226999999823	0.020697031551039108	0.9137931029999999	0.97067263	157.0	179.0	162.0	166.0
Hickory Woods	39	-11.0	0.14180241415680298	23.0	105.0	-8200.0	0.16858468095775353	227500.0	287000.0	-0.0031602032000000112	0.02157337666806181	0.93915884	0.998268565	135.0	175.0	190.0	166.66666666666666
Oak Hill	32	-3.2	0.061244019138755976	14.0	48.0	-12550.0	0.6564313623339411	130000.0	176000.0	0.011437751799999984	0.3634662908813866	0.940712443	1.0	185.0	217.0	99.0	167.0
Fairway Falls	56	16.2	0.3024199124222171	18.0	98.0	250.0	0.00046473411631737247	179000.0	210000.0	-0.0019529552000000284	0.010534227236947214	0.9174603170000001	0.974418605	244.0	73.0	186.0	167.66666666666666
Chatham	30	-7.0	0.11367590766732398	22.0	80.5	-9700.0	0.5039635779325121	321500.0	360000.0	0.004729676199999988	0.031024606919593273	0.899476066	0.9737662340000001	164.5	189.0	151.0	168.16666666666666
Harmony Woods	55	-5.8	0.06444444444444443	46.0	118.0	-10050.0	0.3540996537972742	152000.0	199500.0	0.005911320099999973	0.08912086220401969	0.926829268	0.98255814	170.0	193.0	143.0	168.66666666666666
Village Of Becks P	32	-8.45	0.08267647016253925	48.5	125.5	-9825.0	0.6855411793426397	186500.0	222000.0	0.003002351399999992	0.1472257259851306	0.946501987	0.969234617	153.0	191.0	163.0	169.0
Wellington Woods	47	-9.7	0.2103745108999441	28.5	90.5	-8915.0	0.28454296509814403	117500.0	165500.0	-0.0007045406999999781	0.0006140259263040333	0.890375397	0.969223378	143.0	181.0	184.0	169.33333333333334
Birchwood Park	29	-0.7500000000000001	0.017441860465116286	30.0	47.0	267.8571428571429	0.0013245304451269995	128500.0	150000.0	-0.01747980799999998	0.9678725983192769	0.938086304	0.992364402	199.0	72.0	237.0	169.33333333333334
Stenning Woods	25	-14.8	0.4955095577423369	37.0	95.5	-11670.0	0.5711819018720103	320000.0	364000.0	-0.0042755607000000365	0.2563354133756374	0.942549372	0.9681411390000001	106.5	206.0	197.0	169.83333333333334
Wilmington - Landlith (08)	18	-11.214285714285715	0.2452832066234128	36.0	104.0	-4750.0	0.3197519929140831	12500.0	37250.0	-0.021627974142857113	0.24799640176703303	0.8	0.9302325579999999	133.0	135.0	243.0	170.33333333333334
Christiana Green	33	4.3	0.011488039763901834	59.0	182.5	-3775.0	0.0623975479933774	150250.0	197500.0	0.0015292059999999718	0.00211245880553644	0.851450668	0.9455757290000001	213.0	124.5	174.0	170.5
Governor House	33	4.85	0.06504441602433378	96.0	146.5	-5145.0	0.1706592805284624	50000.0	85500.0	0.003667929299999995	0.15990460321994687	0.879987374	0.908333333	217.0	138.0	158.0	171.0
Sedgely Farms	18	39.25000000000001	0.7738603541378877	61.0	139.5	36000.0	0.527615687338852	569950.0	664950.0	-0.038804957999999945	0.5117837401435605	0.9014151840000001	1.005866513	257.0	3.0	255.0	171.66666666666666
Robscott Manor	50	-5.75	0.06430672728598866	27.0	89.0	-6200.0	0.13550718251520225	157750.0	206250.0	-0.004690612799999994	0.06729012421824557	0.921009533	0.972763307	171.5	152.5	199.0	174.33333333333334
Birch Pointe	57	-10.9	0.10740857930660398	40.0	145.0	-10800.0	0.7838709677419354	106000.0	140000.0	-0.0042906746999999855	0.10851706573326063	0.9171762090000001	0.9581564579999999	137.0	200.0	198.0	178.33333333333334
Porter Square	27	4.55	0.12976572906056572	36.0	73.5	-6895.0	0.5805092778438342	186000.0	212000.0	0.0036920693000000227	0.4474309814478785	0.944611421	0.9602144159999999	215.5	163.5	157.0	178.66666666666666
Elmhurst	59	-5.55	0.11539217981737299	42.0	90.5	-6200.0	0.08557435440783613	99000.0	155000.0	-0.0069504215000000145	0.046347548905539604	0.8710521929999999	0.9698204340000001	173.5	152.5	213.0	179.66666666666666
Windybush	19	81.25	0.9956982692525231	18.0	180.5	7000.000000000001	0.06767955801104973	255000.0	307000.0	-0.02265907500000003	0.7331571039189619	0.9203302959999999	0.966666667	260.0	35.0	245.0	180.0
Stafford	15	-11.500000000000002	0.2856371490280778	16.0	59.0	-14950.0	0.8219924973336113	190000.0	219900.0	-0.00042516999999997473	0.0011574007995805828	0.958333333	0.980392157	130.0	228.0	183.0	180.33333333333334
Bellemoor	40	6.3	0.06565213795384996	26.0	94.0	-7410.0	0.3419350419260122	145000.0	185000.0	0.004240077600000036	0.02767266930934107	0.8880550340000001	0.967497802	222.0	169.0	153.0	181.33333333333334
Windy Hills	51	6.55	0.3729436053460828	24.0	53.5	-4563.75	0.17163817694357544	184800.0	216000.0	-0.0025129800000000314	0.11679543656492625	0.9559804359999999	0.9771986970000001	224.0	134.0	187.0	181.66666666666666
Meadows Of Wilton	42	-0.9	0.0025891002077673003	18.5	64.0	-15695.0	0.5763209019628373	96000.0	157900.0	0.008602622700000052	0.2888151132285765	0.935869084	0.9857210890000001	195.0	232.0	121.0	182.66666666666666
Newtowne Village	26	-1.6428571428571441	0.010018749644893105	41.0	86.5	-9857.142857142859	0.9795918367346941	139250.0	168000.0	0.0028562670714286013	0.05463970386920983	0.9294871790000001	0.966640175	192.0	192.0	164.0	182.66666666666666
Browntown	90	-2.1	0.09810901001112345	56.0	75.0	-5325.0	0.24421477593863541	30000.0	60750.0	-0.009704648900000001	0.07867188308722838	0.7598784190000001	0.856927625	188.0	142.0	220.0	183.33333333333334
Holly Oak Terrace	24	25.4	0.35135606143121656	38.0	153.0	2190.0	0.018610200862585777	209000.0	250000.0	-0.018883637799999964	0.6744278122614107	0.9262689890000001	0.991575992	254.0	58.0	239.0	183.66666666666666
Delaware City	36	19.65	0.8483645052319353	60.5	120.0	-2800.0	0.023704814586926977	135000.0	181450.0	-0.0034313740999999953	0.10368702617948836	0.9189189190000001	0.947281713	248.0	111.0	192.0	183.66666666666666
Chelsea Ests	53	0.1	1.4406108189872502e-05	23.0	97.0	-3525.0	0.10215553785679417	90250.0	118000.0	-0.01348647890000002	0.20459547073339632	0.90839107	1.0	201.5	121.0	229.0	183.83333333333334
Union Park Gardens	76	-2.0	0.01265022137887413	47.0	97.0	-10660.0	0.3434946889868267	137500.0	194900.0	0.0019283259000000053	0.0028949738024762967	0.8701721729999999	0.974858902	189.0	197.0	168.0	184.66666666666666
Wynthorpe	18	-6.250000000000001	0.4384939195509823	50.0	68.5	-6187.5	0.09979703218974437	219000.0	257375.0	-0.016936090000000015	0.3754818239211192	0.9302325579999999	0.985	168.0	151.0	235.0	184.66666666666666
Glasgow Pines	55	0.4	0.002346041055718475	45.0	68.0	-8250.0	0.16925181063690903	70500.0	127000.0	0.0009424085999999776	0.0007880953653131227	0.85	0.932878271	203.0	176.0	177.0	185.33333333333334
Ashbourne Hills	73	0.1	0.0001313197636244255	49.0	75.0	-6319.0	0.21393103905341726	184900.0	223450.0	-0.004782730199999996	0.09767729561115887	0.9287333259999999	0.976236964	201.5	155.0	200.0	185.5
Washington Park	30	35.1	0.7065290322580645	33.0	135.0	-490.0	0.00045146726862302486	104900.0	165000.0	-0.008994389699999961	0.09776703823484559	0.90839107	0.9859154929999999	255.0	84.0	218.0	185.66666666666666
Minquadale	54	-12.75	0.5593307814717647	94.5	146.0	-18209.75	0.8979177099089051	98000.0	157950.0	-0.005116549499999989	0.042657802770877024	0.869022582	0.945785532	120.0	239.0	203.0	187.33333333333334
Claymont Hgts	31	4.250000000000001	0.3877459749552773	44.0	57.5	-3475.0	0.09595188748584635	179000.0	200950.0	-0.015974644500000024	0.6708833025882309	0.9337483329999999	0.96910251	211.5	119.0	232.0	187.5
Brennan Estates	126	-3.9	0.20512474713418744	38.0	63.0	-19700.0	0.8545414510624243	216000.0	280000.0	0.005993469299999987	0.4216033816131209	0.95700209	0.986183897	183.0	246.0	141.0	190.0
Rutherford	23	-0.7857142857142869	0.00014520441421419253	16.0	205.0	-9000.000000000002	0.627906976744186	171000.0	205000.0	-0.003176027714285688	0.006762326479230463	0.8524833209999999	0.960422164	198.0	183.0	191.0	190.66666666666666
Varlano	25	2.0	0.002321262766945218	44.0	160.0	-10625.0	0.8999975086574153	185000.0	214500.0	0.0018389094999999966	0.0044064236859266874	0.897435897	0.980966325	207.0	196.0	170.0	191.0
Amberfield	26	-14.8	0.7558316080055211	53.0	101.0	-19150.0	0.6238501286494993	96000.0	167500.0	-0.011840146099999959	0.08707554299910364	0.863512284	0.9711595059999999	106.5	243.0	227.0	192.16666666666666
Whispering Pines	34	13.85	0.3924857413233076	28.5	94.0	-8185.0	0.39372382447513044	90000.0	127450.0	0.0010516649000000377	0.0013939547120450455	0.89341917	0.976659333	242.0	174.0	176.0	197.33333333333334
Tavistock	23	-8.392857142857144	0.18476078956172629	24.0	81.5	-15071.42857142857	0.6767146091680912	422000.0	476200.0	-0.0061430560000000365	0.13693459959736565	0.9195305779999999	0.970194039	154.0	229.0	209.0	197.33333333333334
Wilmington - Flats Area (24)	40	-12.25	0.07926656146212306	36.5	161.0	-18445.0	0.5274834021884672	58500.0	128900.0	-0.01434878129999998	0.10213365141045311	0.8	0.94173043	123.0	241.0	230.0	198.0
Four Seasons	35	-15.65	0.6108745128604832	37.0	90.0	-23165.0	0.26602144326252974	55000.0	192000.0	-0.0242225185	0.5312783273013658	0.862148612	0.954545455	96.0	252.0	248.0	198.66666666666666
Gwinhurst	42	8.45	0.24399641194310367	56.0	99.5	-4107.5	0.5082736539060801	162500.0	179875.0	-0.017028660800000005	0.7430102863870299	0.92631864	0.973191047	236.0	129.0	236.0	200.33333333333334
Wilmington - Hedgeville Area (26)	119	1.65	0.038270954138112816	42.0	64.5	-6300.0	0.5052832590706556	26000.0	51000.0	-0.01993544230000003	0.11948817650656776	0.7295317729999999	0.9090909090000001	206.0	154.0	241.0	200.33333333333334
Brookside Park	62	-5.55	0.48632326820603894	33.0	57.0	-12335.0	0.4344557799941249	109900.0	165250.0	-0.009889812600000002	0.057642729940175705	0.8666666670000001	0.996397118	173.5	212.0	221.0	202.16666666666666
Wilmington - Northwest/ P.S. du Pont Area (02)	84	-4.3	0.015213724441518903	56.0	164.0	-20285.0	0.733157444727273	71000.0	134950.0	0.00011716409999998901	1.922653716905832e-05	0.862271925	0.942075346	182.0	248.0	179.0	203.0
Dunleith	38	9.55	0.353720851311388	49.5	99.5	-3000.0	0.07894529091339703	31500.0	62600.0	-0.06399872589999996	0.9630353107311909	0.7447093020000001	0.9391643159999999	240.0	114.0	257.0	203.66666666666666
Gordon Heights	41	-8.0	0.9411764705882353	62.0	88.0	-12115.0	0.3389013655794772	151750.0	215000.0	-0.022691479699999982	0.2789626727432209	0.8450239270000001	0.978823529	158.0	208.0	246.0	204.0
Willow Run	53	14.1	0.7749366595205612	20.0	64.0	-3050.0	0.029158014340007053	90000.0	143000.0	-0.0360568295	0.7614062948696286	0.8692933079999999	0.99066044	243.0	116.0	253.0	204.0
Christiana Village	16	35.42857142857144	0.10799634592228373	3.0	309.0	-24157.142857142862	0.7908965665263356	76000.0	153000.0	0.010693076928571445	0.024203082300239855	0.822742475	1.029435723	256.0	254.0	103.0	204.33333333333334
Wilmington - Sallies Area (04)	78	-11.15	0.3666924750211998	37.0	92.5	-24400.0	0.39919056897529726	100000.0	217500.0	-0.011174675200000006	0.3272366427620934	0.88296176	0.944527934	134.0	255.0	225.0	204.66666666666666
Wilmington - Hill Top Area (22)	64	23.5	0.6044106380650105	28.5	109.0	-1855.0	0.2092651295734604	17000.0	28750.0	-0.0874409384	0.8441091372479282	0.677419355	0.902477876	252.0	104.0	260.0	205.33333333333334
Eagle Glen	28	-9.607142857142858	0.9161011799260647	49.0	79.5	-20125.000000000004	0.8476987436752079	165000.0	224950.0	-0.011686275357142855	0.8785441769261136	0.9337223840000001	0.9671295990000001	144.0	247.0	226.0	205.66666666666666
River Walk	22	19.785714285714285	0.9591604580229011	43.0	100.0	-16035.714285714286	0.9859010973963732	150000.0	197000.0	0.005339162142857164	0.9269152054369426	0.952358266	0.96924133	249.0	233.0	145.0	209.0
Brookland Terrace	23	8.25	0.09639442936386168	55.0	107.0	-6000.0	0.9795918367346939	163000.0	175000.0	-0.022163493500000023	0.40709568458794526	0.878311895	0.946803319	234.0	150.0	244.0	209.33333333333334
Green Valley	68	8.2	0.13898305084745766	33.0	93.0	-10720.0	0.31099877135913667	155000.0	209900.0	-0.004859496600000035	0.06863178382093751	0.9027454629999999	0.9554618290000001	233.0	198.0	202.0	211.0
Dartmouth Woods	25	6.214285714285714	0.03493540481036846	26.0	126.5	-11285.714285714286	0.8112569868711816	242500.0	279500.0	-0.006889274928571434	0.04825415514995474	0.887588257	0.982800983	221.0	203.0	211.0	211.66666666666666
Elsmere Gardens	45	8.4	0.2098750743604997	65.0	122.0	-10724.9	0.4668626816637156	64751.0	114000.0	-0.004787394100000009	0.037061744593538275	0.846078773	0.915297397	235.0	199.0	201.0	211.66666666666666
Ninth Ward	40	-0.8	0.006186563557274045	45.5	75.0	-9312.5	0.22116999635384807	68750.0	128000.0	-0.07152094490000002	0.6112496928656032	0.708333333	0.9685185190000001	197.0	184.0	258.0	213.0
Wilmington - Highlands Area (13)	96	-4.9	0.09802000408246582	44.0	86.0	-18975.0	0.7893088353166039	334500.0	400000.0	-0.010689769799999981	0.5033500898793757	0.912185224	0.954022989	176.0	242.0	223.0	213.66666666666666
Canal View	27	16.5	0.09443288241415194	1.0	106.0	-7815.5	0.5048002694172626	238777.0	260000.0	-0.016045217000000056	0.18191384955222856	0.957110275	1.0320904340000001	245.0	171.0	233.0	216.33333333333334
Waters Edge	35	-0.85	0.0015296265911556883	49.0	115.0	-13370.0	0.6787510702969113	71000.0	119900.0	-0.018923355400000008	0.34346720129730307	0.8277460109999999	0.923787529	196.0	224.0	240.0	220.0
North Hills	16	44.50000000000001	0.28864163640118073	45.0	210.5	-37850.0	0.8370529054730862	173300.0	249000.0	0.004172903999999977	0.49278231807650985	0.892473118	0.903978802	259.0	258.0	154.0	223.66666666666666
Middle Run Crossin	25	8.892857142857144	0.3974728825294253	14.5	55.0	-16607.14285714286	0.9611153338400608	430000.0	481750.0	-0.005372509571428582	0.3374981076659015	0.950190038	0.977291784	239.0	236.0	206.0	227.0
Hillside Heights	33	2.3	0.01002938667172244	56.0	119.5	-18305.0	0.995876631832203	142500.0	198500.0	-0.02049783519999999	0.4828894365841181	0.883838065	0.975621133	208.0	240.0	242.0	230.0
Overview Gardens	35	7.25	0.0691850803731552	24.0	105.5	-12629.5	0.228613443536348	73685.0	148500.0	-0.030642793200000008	0.41124445749655386	0.8311548879999999	0.976331361	229.0	218.0	252.0	233.0
Radnor Green	30	18.1	0.388048563814036	36.0	127.0	-22984.0	0.9406476117704043	160950.0	225000.0	-0.006275087600000007	0.049868688774560375	0.8805789470000001	0.957446809	246.0	250.0	210.0	235.33333333333334
Dunlinden Acres	45	4.55	0.08483327357475795	32.0	79.5	-19525.0	0.984228742930446	119000.0	177000.0	-0.023474381099999986	0.8086980451803985	0.90619137	0.980276129	215.5	245.0	247.0	235.83333333333334
Woodmill	22	19.5	0.5192307692307693	39.0	91.0	-12375.0	0.682330827067669	158000.0	185000.0	-0.026881939500000066	0.5717931189991418	0.904716532	0.9718913770000001	247.0	213.0	250.0	236.66666666666666
Clearfield	21	25.14285714285715	0.74147836078131	101.0	185.0	-12128.571428571431	0.9015275166878668	66300.0	105000.0	-0.03657220521428569	0.31998571465045134	0.7666666670000001	0.9629355079999999	253.0	209.0	254.0	238.66666666666666
Wilton	26	7.15	0.12934627913596256	23.5	85.0	-19270.0	0.6410348524265844	64000.0	125000.0	-0.024632159399999985	0.4313235277802911	0.8758169929999999	0.978151267	227.0	244.0	249.0	240.0
Lone Manor	19	39.5	0.8695430057588703	21.0	100.0	-21750.0	0.6829979054730899	62585.0	110000.0	-0.07622504150000003	0.9676149953123562	0.822002472	0.974452555	258.0	249.0	259.0	255.33333333333334
